448
0 136937 556369 ? 100 1 10000000000 10027 10335 ?
1 556369 542471 ? 100 1 10000000000 10027 10335 ?
2 542471 254778 ? 100 1 10000000000 10027 10335 ?
3 254778 488709 ? 100 1 10000000000 10027 10335 ?
4 488709 377062 ? 100 1 10000000000 10027 10335 ?
5 377062 237302 ? 100 1 10000000000 10027 10335 ?
6 237302 434129 ? 100 1 10000000000 10027 10335 ?
7 434129 136937 ? 100 1 10000000000 10027 10335 ?
8 556369 542471 ? 100 1 10047000000000 10027 10335 ?
9 542471 254778 ? 100 1 10047000000000 10027 10335 ?
10 254778 488709 ? 100 1 10047000000000 10027 10335 ?
11 488709 377062 ? 100 1 10047000000000 10027 10335 ?
12 377062 237302 ? 100 1 10047000000000 10027 10335 ?
13 237302 434129 ? 100 1 10047000000000 10027 10335 ?
14 434129 136937 ? 100 1 10047000000000 10027 10335 ?
15 136937 556369 ? 100 1 10047000000000 10027 10335 ?
16 542471 254778 ? 100 1 20084000000000 10027 10335 ?
17 254778 488709 ? 100 1 20084000000000 10027 10335 ?
18 488709 377062 ? 100 1 20084000000000 10027 10335 ?
19 377062 237302 ? 100 1 20084000000000 10027 10335 ?
20 237302 434129 ? 100 1 20084000000000 10027 10335 ?
21 434129 136937 ? 100 1 20084000000000 10027 10335 ?
22 136937 556369 ? 100 1 20084000000000 10027 10335 ?
23 556369 542471 ? 100 1 20084000000000 10027 10335 ?
24 254778 488709 ? 100 1 30121000000000 10027 10335 ?
25 488709 377062 ? 100 1 30121000000000 10027 10335 ?
26 377062 237302 ? 100 1 30121000000000 10027 10335 ?
27 237302 434129 ? 100 1 30121000000000 10027 10335 ?
28 434129 136937 ? 100 1 30121000000000 10027 10335 ?
29 136937 556369 ? 100 1 30121000000000 10027 10335 ?
30 556369 542471 ? 100 1 30121000000000 10027 10335 ?
31 542471 254778 ? 100 1 30121000000000 10027 10335 ?
32 488709 377062 ? 100 1 40158000000000 10027 10335 ?
33 377062 237302 ? 100 1 40158000000000 10027 10335 ?
34 237302 434129 ? 100 1 40158000000000 10027 10335 ?
35 434129 136937 ? 100 1 40158000000000 10027 10335 ?
36 136937 556369 ? 100 1 40158000000000 10027 10335 ?
37 556369 542471 ? 100 1 40158000000000 10027 10335 ?
38 542471 254778 ? 100 1 40158000000000 10027 10335 ?
39 254778 488709 ? 100 1 40158000000000 10027 10335 ?
40 377062 237302 ? 100 1 50195000000000 10027 10335 ?
41 237302 434129 ? 100 1 50195000000000 10027 10335 ?
42 434129 136937 ? 100 1 50195000000000 10027 10335 ?
43 136937 556369 ? 100 1 50195000000000 10027 10335 ?
44 556369 542471 ? 100 1 50195000000000 10027 10335 ?
45 542471 254778 ? 100 1 50195000000000 10027 10335 ?
46 254778 488709 ? 100 1 50195000000000 10027 10335 ?
47 488709 377062 ? 100 1 50195000000000 10027 10335 ?
48 237302 434129 ? 100 1 60232000000000 10027 10335 ?
49 434129 136937 ? 100 1 60232000000000 10027 10335 ?
50 136937 556369 ? 100 1 60232000000000 10027 10335 ?
51 556369 542471 ? 100 1 60232000000000 10027 10335 ?
52 542471 254778 ? 100 1 60232000000000 10027 10335 ?
53 254778 488709 ? 100 1 60232000000000 10027 10335 ?
54 488709 377062 ? 100 1 60232000000000 10027 10335 ?
55 377062 237302 ? 100 1 60232000000000 10027 10335 ?
56 434129 136937 ? 100 1 70269000000000 10027 10335 ?
57 136937 556369 ? 100 1 70269000000000 10027 10335 ?
58 556369 542471 ? 100 1 70269000000000 10027 10335 ?
59 542471 254778 ? 100 1 70269000000000 10027 10335 ?
60 254778 488709 ? 100 1 70269000000000 10027 10335 ?
61 488709 377062 ? 100 1 70269000000000 10027 10335 ?
62 377062 237302 ? 100 1 70269000000000 10027 10335 ?
63 237302 434129 ? 100 1 70269000000000 10027 10335 ?
64 136937 556369 ? 100 1 80306000000000 10027 10335 ?
65 556369 542471 ? 100 1 80306000000000 10027 10335 ?
66 542471 254778 ? 100 1 80306000000000 10027 10335 ?
67 254778 488709 ? 100 1 80306000000000 10027 10335 ?
68 488709 377062 ? 100 1 80306000000000 10027 10335 ?
69 377062 237302 ? 100 1 80306000000000 10027 10335 ?
70 237302 434129 ? 100 1 80306000000000 10027 10335 ?
71 434129 136937 ? 100 1 80306000000000 10027 10335 ?
72 556369 542471 ? 100 1 90343000000000 10027 10335 ?
73 542471 254778 ? 100 1 90343000000000 10027 10335 ?
74 254778 488709 ? 100 1 90343000000000 10027 10335 ?
75 488709 377062 ? 100 1 90343000000000 10027 10335 ?
76 377062 237302 ? 100 1 90343000000000 10027 10335 ?
77 237302 434129 ? 100 1 90343000000000 10027 10335 ?
78 434129 136937 ? 100 1 90343000000000 10027 10335 ?
79 136937 556369 ? 100 1 90343000000000 10027 10335 ?
80 542471 254778 ? 100 1 100380000000000 10027 10335 ?
81 254778 488709 ? 100 1 100380000000000 10027 10335 ?
82 488709 377062 ? 100 1 100380000000000 10027 10335 ?
83 377062 237302 ? 100 1 100380000000000 10027 10335 ?
84 237302 434129 ? 100 1 100380000000000 10027 10335 ?
85 434129 136937 ? 100 1 100380000000000 10027 10335 ?
86 136937 556369 ? 100 1 100380000000000 10027 10335 ?
87 556369 542471 ? 100 1 100380000000000 10027 10335 ?
88 254778 488709 ? 100 1 110417000000000 10027 10335 ?
89 488709 377062 ? 100 1 110417000000000 10027 10335 ?
90 377062 237302 ? 100 1 110417000000000 10027 10335 ?
91 237302 434129 ? 100 1 110417000000000 10027 10335 ?
92 434129 136937 ? 100 1 110417000000000 10027 10335 ?
93 136937 556369 ? 100 1 110417000000000 10027 10335 ?
94 556369 542471 ? 100 1 110417000000000 10027 10335 ?
95 542471 254778 ? 100 1 110417000000000 10027 10335 ?
96 488709 377062 ? 100 1 120454000000000 10027 10335 ?
97 377062 237302 ? 100 1 120454000000000 10027 10335 ?
98 237302 434129 ? 100 1 120454000000000 10027 10335 ?
99 434129 136937 ? 100 1 120454000000000 10027 10335 ?
100 136937 556369 ? 100 1 120454000000000 10027 10335 ?
101 556369 542471 ? 100 1 120454000000000 10027 10335 ?
102 542471 254778 ? 100 1 120454000000000 10027 10335 ?
103 254778 488709 ? 100 1 120454000000000 10027 10335 ?
104 377062 237302 ? 100 1 130491000000000 10027 10335 ?
105 237302 434129 ? 100 1 130491000000000 10027 10335 ?
106 434129 136937 ? 100 1 130491000000000 10027 10335 ?
107 136937 556369 ? 100 1 130491000000000 10027 10335 ?
108 556369 542471 ? 100 1 130491000000000 10027 10335 ?
109 542471 254778 ? 100 1 130491000000000 10027 10335 ?
110 254778 488709 ? 100 1 130491000000000 10027 10335 ?
111 488709 377062 ? 100 1 130491000000000 10027 10335 ?
112 237302 434129 ? 100 1 140538000000000 10027 10335 ?
113 434129 136937 ? 100 1 140538000000000 10027 10335 ?
114 136937 556369 ? 100 1 140538000000000 10027 10335 ?
115 556369 542471 ? 100 1 140538000000000 10027 10335 ?
116 542471 254778 ? 100 1 140538000000000 10027 10335 ?
117 254778 488709 ? 100 1 140538000000000 10027 10335 ?
118 488709 377062 ? 100 1 140538000000000 10027 10335 ?
119 377062 237302 ? 100 1 140538000000000 10027 10335 ?
120 434129 136937 ? 100 1 150575000000000 10027 10335 ?
121 136937 556369 ? 100 1 150575000000000 10027 10335 ?
122 556369 542471 ? 100 1 150575000000000 10027 10335 ?
123 542471 254778 ? 100 1 150575000000000 10027 10335 ?
124 254778 488709 ? 100 1 150575000000000 10027 10335 ?
125 488709 377062 ? 100 1 150575000000000 10027 10335 ?
126 377062 237302 ? 100 1 150575000000000 10027 10335 ?
127 237302 434129 ? 100 1 150575000000000 10027 10335 ?
128 136937 556369 ? 100 1 160612000000000 10027 10335 ?
129 556369 542471 ? 100 1 160612000000000 10027 10335 ?
130 542471 254778 ? 100 1 160612000000000 10027 10335 ?
131 254778 488709 ? 100 1 160612000000000 10027 10335 ?
132 488709 377062 ? 100 1 160612000000000 10027 10335 ?
133 377062 237302 ? 100 1 160612000000000 10027 10335 ?
134 237302 434129 ? 100 1 160612000000000 10027 10335 ?
135 434129 136937 ? 100 1 160612000000000 10027 10335 ?
136 556369 542471 ? 100 1 170649000000000 10027 10335 ?
137 542471 254778 ? 100 1 170649000000000 10027 10335 ?
138 254778 488709 ? 100 1 170649000000000 10027 10335 ?
139 488709 377062 ? 100 1 170649000000000 10027 10335 ?
140 377062 237302 ? 100 1 170649000000000 10027 10335 ?
141 237302 434129 ? 100 1 170649000000000 10027 10335 ?
142 434129 136937 ? 100 1 170649000000000 10027 10335 ?
143 136937 556369 ? 100 1 170649000000000 10027 10335 ?
144 542471 254778 ? 100 1 180686000000000 10027 10335 ?
145 254778 488709 ? 100 1 180686000000000 10027 10335 ?
146 488709 377062 ? 100 1 180686000000000 10027 10335 ?
147 377062 237302 ? 100 1 180686000000000 10027 10335 ?
148 237302 434129 ? 100 1 180686000000000 10027 10335 ?
149 434129 136937 ? 100 1 180686000000000 10027 10335 ?
150 136937 556369 ? 100 1 180686000000000 10027 10335 ?
151 556369 542471 ? 100 1 180686000000000 10027 10335 ?
152 254778 488709 ? 100 1 190723000000000 10027 10335 ?
153 488709 377062 ? 100 1 190723000000000 10027 10335 ?
154 377062 237302 ? 100 1 190723000000000 10027 10335 ?
155 237302 434129 ? 100 1 190723000000000 10027 10335 ?
156 434129 136937 ? 100 1 190723000000000 10027 10335 ?
157 136937 556369 ? 100 1 190723000000000 10027 10335 ?
158 556369 542471 ? 100 1 190723000000000 10027 10335 ?
159 542471 254778 ? 100 1 190723000000000 10027 10335 ?
160 488709 377062 ? 100 1 200760000000000 10027 10335 ?
161 377062 237302 ? 100 1 200760000000000 10027 10335 ?
162 237302 434129 ? 100 1 200760000000000 10027 10335 ?
163 434129 136937 ? 100 1 200760000000000 10027 10335 ?
164 136937 556369 ? 100 1 200760000000000 10027 10335 ?
165 556369 542471 ? 100 1 200760000000000 10027 10335 ?
166 542471 254778 ? 100 1 200760000000000 10027 10335 ?
167 254778 488709 ? 100 1 200760000000000 10027 10335 ?
168 377062 237302 ? 100 1 210797000000000 10027 10335 ?
169 237302 434129 ? 100 1 210797000000000 10027 10335 ?
170 434129 136937 ? 100 1 210797000000000 10027 10335 ?
171 136937 556369 ? 100 1 210797000000000 10027 10335 ?
172 556369 542471 ? 100 1 210797000000000 10027 10335 ?
173 542471 254778 ? 100 1 210797000000000 10027 10335 ?
174 254778 488709 ? 100 1 210797000000000 10027 10335 ?
175 488709 377062 ? 100 1 210797000000000 10027 10335 ?
176 237302 434129 ? 100 1 220834000000000 10027 10335 ?
177 434129 136937 ? 100 1 220834000000000 10027 10335 ?
178 136937 556369 ? 100 1 220834000000000 10027 10335 ?
179 556369 542471 ? 100 1 220834000000000 10027 10335 ?
180 542471 254778 ? 100 1 220834000000000 10027 10335 ?
181 254778 488709 ? 100 1 220834000000000 10027 10335 ?
182 488709 377062 ? 100 1 220834000000000 10027 10335 ?
183 377062 237302 ? 100 1 220834000000000 10027 10335 ?
184 434129 136937 ? 100 1 230871000000000 10027 10335 ?
185 136937 556369 ? 100 1 230871000000000 10027 10335 ?
186 556369 542471 ? 100 1 230871000000000 10027 10335 ?
187 542471 254778 ? 100 1 230871000000000 10027 10335 ?
188 254778 488709 ? 100 1 230871000000000 10027 10335 ?
189 488709 377062 ? 100 1 230871000000000 10027 10335 ?
190 377062 237302 ? 100 1 230871000000000 10027 10335 ?
191 237302 434129 ? 100 1 230871000000000 10027 10335 ?
192 136937 556369 ? 100 1 240908000000000 10027 10335 ?
193 556369 542471 ? 100 1 240908000000000 10027 10335 ?
194 542471 254778 ? 100 1 240908000000000 10027 10335 ?
195 254778 488709 ? 100 1 240908000000000 10027 10335 ?
196 488709 377062 ? 100 1 240908000000000 10027 10335 ?
197 377062 237302 ? 100 1 240908000000000 10027 10335 ?
198 237302 434129 ? 100 1 240908000000000 10027 10335 ?
199 434129 136937 ? 100 1 240908000000000 10027 10335 ?
200 556369 542471 ? 100 1 250945000000000 10027 10335 ?
201 542471 254778 ? 100 1 250945000000000 10027 10335 ?
202 254778 488709 ? 100 1 250945000000000 10027 10335 ?
203 488709 377062 ? 100 1 250945000000000 10027 10335 ?
204 377062 237302 ? 100 1 250945000000000 10027 10335 ?
205 237302 434129 ? 100 1 250945000000000 10027 10335 ?
206 434129 136937 ? 100 1 250945000000000 10027 10335 ?
207 136937 556369 ? 100 1 250945000000000 10027 10335 ?
208 542471 254778 ? 100 1 260982000000000 10027 10335 ?
209 254778 488709 ? 100 1 260982000000000 10027 10335 ?
210 488709 377062 ? 100 1 260982000000000 10027 10335 ?
211 377062 237302 ? 100 1 260982000000000 10027 10335 ?
212 237302 434129 ? 100 1 260982000000000 10027 10335 ?
213 434129 136937 ? 100 1 260982000000000 10027 10335 ?
214 136937 556369 ? 100 1 260982000000000 10027 10335 ?
215 556369 542471 ? 100 1 260982000000000 10027 10335 ?
216 254778 488709 ? 100 1 271019000000000 10027 10335 ?
217 488709 377062 ? 100 1 271019000000000 10027 10335 ?
218 377062 237302 ? 100 1 271019000000000 10027 10335 ?
219 237302 434129 ? 100 1 271019000000000 10027 10335 ?
220 434129 136937 ? 100 1 271019000000000 10027 10335 ?
221 136937 556369 ? 100 1 271019000000000 10027 10335 ?
222 556369 542471 ? 100 1 271019000000000 10027 10335 ?
223 542471 254778 ? 100 1 271019000000000 10027 10335 ?
224 488709 377062 ? 100 1 281066000000000 10027 10335 ?
225 377062 237302 ? 100 1 281066000000000 10027 10335 ?
226 237302 434129 ? 100 1 281066000000000 10027 10335 ?
227 434129 136937 ? 100 1 281066000000000 10027 10335 ?
228 136937 556369 ? 100 1 281066000000000 10027 10335 ?
229 556369 542471 ? 100 1 281066000000000 10027 10335 ?
230 542471 254778 ? 100 1 281066000000000 10027 10335 ?
231 254778 488709 ? 100 1 281066000000000 10027 10335 ?
232 377062 237302 ? 100 1 291103000000000 10027 10335 ?
233 237302 434129 ? 100 1 291103000000000 10027 10335 ?
234 434129 136937 ? 100 1 291103000000000 10027 10335 ?
235 136937 556369 ? 100 1 291103000000000 10027 10335 ?
236 556369 542471 ? 100 1 291103000000000 10027 10335 ?
237 542471 254778 ? 100 1 291103000000000 10027 10335 ?
238 254778 488709 ? 100 1 291103000000000 10027 10335 ?
239 488709 377062 ? 100 1 291103000000000 10027 10335 ?
240 237302 434129 ? 100 1 301140000000000 10027 10335 ?
241 434129 136937 ? 100 1 301140000000000 10027 10335 ?
242 136937 556369 ? 100 1 301140000000000 10027 10335 ?
243 556369 542471 ? 100 1 301140000000000 10027 10335 ?
244 542471 254778 ? 100 1 301140000000000 10027 10335 ?
245 254778 488709 ? 100 1 301140000000000 10027 10335 ?
246 488709 377062 ? 100 1 301140000000000 10027 10335 ?
247 377062 237302 ? 100 1 301140000000000 10027 10335 ?
248 434129 136937 ? 100 1 311177000000000 10027 10335 ?
249 136937 556369 ? 100 1 311177000000000 10027 10335 ?
250 556369 542471 ? 100 1 311177000000000 10027 10335 ?
251 542471 254778 ? 100 1 311177000000000 10027 10335 ?
252 254778 488709 ? 100 1 311177000000000 10027 10335 ?
253 488709 377062 ? 100 1 311177000000000 10027 10335 ?
254 377062 237302 ? 100 1 311177000000000 10027 10335 ?
255 237302 434129 ? 100 1 311177000000000 10027 10335 ?
256 136937 556369 ? 100 1 321214000000000 10027 10335 ?
257 556369 542471 ? 100 1 321214000000000 10027 10335 ?
258 542471 254778 ? 100 1 321214000000000 10027 10335 ?
259 254778 488709 ? 100 1 321214000000000 10027 10335 ?
260 488709 377062 ? 100 1 321214000000000 10027 10335 ?
261 377062 237302 ? 100 1 321214000000000 10027 10335 ?
262 237302 434129 ? 100 1 321214000000000 10027 10335 ?
263 434129 136937 ? 100 1 321214000000000 10027 10335 ?
264 556369 542471 ? 100 1 331251000000000 10027 10335 ?
265 542471 254778 ? 100 1 331251000000000 10027 10335 ?
266 254778 488709 ? 100 1 331251000000000 10027 10335 ?
267 488709 377062 ? 100 1 331251000000000 10027 10335 ?
268 377062 237302 ? 100 1 331251000000000 10027 10335 ?
269 237302 434129 ? 100 1 331251000000000 10027 10335 ?
270 434129 136937 ? 100 1 331251000000000 10027 10335 ?
271 136937 556369 ? 100 1 331251000000000 10027 10335 ?
272 542471 254778 ? 100 1 341288000000000 10027 10335 ?
273 254778 488709 ? 100 1 341288000000000 10027 10335 ?
274 488709 377062 ? 100 1 341288000000000 10027 10335 ?
275 377062 237302 ? 100 1 341288000000000 10027 10335 ?
276 237302 434129 ? 100 1 341288000000000 10027 10335 ?
277 434129 136937 ? 100 1 341288000000000 10027 10335 ?
278 136937 556369 ? 100 1 341288000000000 10027 10335 ?
279 556369 542471 ? 100 1 341288000000000 10027 10335 ?
280 254778 488709 ? 100 1 351325000000000 10027 10335 ?
281 488709 377062 ? 100 1 351325000000000 10027 10335 ?
282 377062 237302 ? 100 1 351325000000000 10027 10335 ?
283 237302 434129 ? 100 1 351325000000000 10027 10335 ?
284 434129 136937 ? 100 1 351325000000000 10027 10335 ?
285 136937 556369 ? 100 1 351325000000000 10027 10335 ?
286 556369 542471 ? 100 1 351325000000000 10027 10335 ?
287 542471 254778 ? 100 1 351325000000000 10027 10335 ?
288 488709 377062 ? 100 1 361362000000000 10027 10335 ?
289 377062 237302 ? 100 1 361362000000000 10027 10335 ?
290 237302 434129 ? 100 1 361362000000000 10027 10335 ?
291 434129 136937 ? 100 1 361362000000000 10027 10335 ?
292 136937 556369 ? 100 1 361362000000000 10027 10335 ?
293 556369 542471 ? 100 1 361362000000000 10027 10335 ?
294 542471 254778 ? 100 1 361362000000000 10027 10335 ?
295 254778 488709 ? 100 1 361362000000000 10027 10335 ?
296 377062 237302 ? 100 1 371399000000000 10027 10335 ?
297 237302 434129 ? 100 1 371399000000000 10027 10335 ?
298 434129 136937 ? 100 1 371399000000000 10027 10335 ?
299 136937 556369 ? 100 1 371399000000000 10027 10335 ?
300 556369 542471 ? 100 1 371399000000000 10027 10335 ?
301 542471 254778 ? 100 1 371399000000000 10027 10335 ?
302 254778 488709 ? 100 1 371399000000000 10027 10335 ?
303 488709 377062 ? 100 1 371399000000000 10027 10335 ?
304 237302 434129 ? 100 1 381436000000000 10027 10335 ?
305 434129 136937 ? 100 1 381436000000000 10027 10335 ?
306 136937 556369 ? 100 1 381436000000000 10027 10335 ?
307 556369 542471 ? 100 1 381436000000000 10027 10335 ?
308 542471 254778 ? 100 1 381436000000000 10027 10335 ?
309 254778 488709 ? 100 1 381436000000000 10027 10335 ?
310 488709 377062 ? 100 1 381436000000000 10027 10335 ?
311 377062 237302 ? 100 1 381436000000000 10027 10335 ?
312 434129 136937 ? 100 1 391473000000000 10027 10335 ?
313 136937 556369 ? 100 1 391473000000000 10027 10335 ?
314 556369 542471 ? 100 1 391473000000000 10027 10335 ?
315 542471 254778 ? 100 1 391473000000000 10027 10335 ?
316 254778 488709 ? 100 1 391473000000000 10027 10335 ?
317 488709 377062 ? 100 1 391473000000000 10027 10335 ?
318 377062 237302 ? 100 1 391473000000000 10027 10335 ?
319 237302 434129 ? 100 1 391473000000000 10027 10335 ?
320 136937 556369 ? 100 1 401510000000000 10027 10335 ?
321 556369 542471 ? 100 1 401510000000000 10027 10335 ?
322 542471 254778 ? 100 1 401510000000000 10027 10335 ?
323 254778 488709 ? 100 1 401510000000000 10027 10335 ?
324 488709 377062 ? 100 1 401510000000000 10027 10335 ?
325 377062 237302 ? 100 1 401510000000000 10027 10335 ?
326 237302 434129 ? 100 1 401510000000000 10027 10335 ?
327 434129 136937 ? 100 1 401510000000000 10027 10335 ?
328 556369 542471 ? 100 1 411547000000000 10027 10335 ?
329 542471 254778 ? 100 1 411547000000000 10027 10335 ?
330 254778 488709 ? 100 1 411547000000000 10027 10335 ?
331 488709 377062 ? 100 1 411547000000000 10027 10335 ?
332 377062 237302 ? 100 1 411547000000000 10027 10335 ?
333 237302 434129 ? 100 1 411547000000000 10027 10335 ?
334 434129 136937 ? 100 1 411547000000000 10027 10335 ?
335 136937 556369 ? 100 1 411547000000000 10027 10335 ?
336 542471 254778 ? 100 1 421594000000000 10027 10335 ?
337 254778 488709 ? 100 1 421594000000000 10027 10335 ?
338 488709 377062 ? 100 1 421594000000000 10027 10335 ?
339 377062 237302 ? 100 1 421594000000000 10027 10335 ?
340 237302 434129 ? 100 1 421594000000000 10027 10335 ?
341 434129 136937 ? 100 1 421594000000000 10027 10335 ?
342 136937 556369 ? 100 1 421594000000000 10027 10335 ?
343 556369 542471 ? 100 1 421594000000000 10027 10335 ?
344 254778 488709 ? 100 1 431631000000000 10027 10335 ?
345 488709 377062 ? 100 1 431631000000000 10027 10335 ?
346 377062 237302 ? 100 1 431631000000000 10027 10335 ?
347 237302 434129 ? 100 1 431631000000000 10027 10335 ?
348 434129 136937 ? 100 1 431631000000000 10027 10335 ?
349 136937 556369 ? 100 1 431631000000000 10027 10335 ?
350 556369 542471 ? 100 1 431631000000000 10027 10335 ?
351 542471 254778 ? 100 1 431631000000000 10027 10335 ?
352 488709 377062 ? 100 1 441668000000000 10027 10335 ?
353 377062 237302 ? 100 1 441668000000000 10027 10335 ?
354 237302 434129 ? 100 1 441668000000000 10027 10335 ?
355 434129 136937 ? 100 1 441668000000000 10027 10335 ?
356 136937 556369 ? 100 1 441668000000000 10027 10335 ?
357 556369 542471 ? 100 1 441668000000000 10027 10335 ?
358 542471 254778 ? 100 1 441668000000000 10027 10335 ?
359 254778 488709 ? 100 1 441668000000000 10027 10335 ?
360 377062 237302 ? 100 1 451705000000000 10027 10335 ?
361 237302 434129 ? 100 1 451705000000000 10027 10335 ?
362 434129 136937 ? 100 1 451705000000000 10027 10335 ?
363 136937 556369 ? 100 1 451705000000000 10027 10335 ?
364 556369 542471 ? 100 1 451705000000000 10027 10335 ?
365 542471 254778 ? 100 1 451705000000000 10027 10335 ?
366 254778 488709 ? 100 1 451705000000000 10027 10335 ?
367 488709 377062 ? 100 1 451705000000000 10027 10335 ?
368 237302 434129 ? 100 1 461742000000000 10027 10335 ?
369 434129 136937 ? 100 1 461742000000000 10027 10335 ?
370 136937 556369 ? 100 1 461742000000000 10027 10335 ?
371 556369 542471 ? 100 1 461742000000000 10027 10335 ?
372 542471 254778 ? 100 1 461742000000000 10027 10335 ?
373 254778 488709 ? 100 1 461742000000000 10027 10335 ?
374 488709 377062 ? 100 1 461742000000000 10027 10335 ?
375 377062 237302 ? 100 1 461742000000000 10027 10335 ?
376 434129 136937 ? 100 1 471779000000000 10027 10335 ?
377 136937 556369 ? 100 1 471779000000000 10027 10335 ?
378 556369 542471 ? 100 1 471779000000000 10027 10335 ?
379 542471 254778 ? 100 1 471779000000000 10027 10335 ?
380 254778 488709 ? 100 1 471779000000000 10027 10335 ?
381 488709 377062 ? 100 1 471779000000000 10027 10335 ?
382 377062 237302 ? 100 1 471779000000000 10027 10335 ?
383 237302 434129 ? 100 1 471779000000000 10027 10335 ?
384 136937 556369 ? 100 1 481816000000000 10027 10335 ?
385 556369 542471 ? 100 1 481816000000000 10027 10335 ?
386 542471 254778 ? 100 1 481816000000000 10027 10335 ?
387 254778 488709 ? 100 1 481816000000000 10027 10335 ?
388 488709 377062 ? 100 1 481816000000000 10027 10335 ?
389 377062 237302 ? 100 1 481816000000000 10027 10335 ?
390 237302 434129 ? 100 1 481816000000000 10027 10335 ?
391 434129 136937 ? 100 1 481816000000000 10027 10335 ?
392 556369 542471 ? 100 1 491853000000000 10027 10335 ?
393 542471 254778 ? 100 1 491853000000000 10027 10335 ?
394 254778 488709 ? 100 1 491853000000000 10027 10335 ?
395 488709 377062 ? 100 1 491853000000000 10027 10335 ?
396 377062 237302 ? 100 1 491853000000000 10027 10335 ?
397 237302 434129 ? 100 1 491853000000000 10027 10335 ?
398 434129 136937 ? 100 1 491853000000000 10027 10335 ?
399 136937 556369 ? 100 1 491853000000000 10027 10335 ?
400 542471 254778 ? 100 1 501890000000000 10027 10335 ?
401 254778 488709 ? 100 1 501890000000000 10027 10335 ?
402 488709 377062 ? 100 1 501890000000000 10027 10335 ?
403 377062 237302 ? 100 1 501890000000000 10027 10335 ?
404 237302 434129 ? 100 1 501890000000000 10027 10335 ?
405 434129 136937 ? 100 1 501890000000000 10027 10335 ?
406 136937 556369 ? 100 1 501890000000000 10027 10335 ?
407 556369 542471 ? 100 1 501890000000000 10027 10335 ?
408 254778 488709 ? 100 1 511927000000000 10027 10335 ?
409 488709 377062 ? 100 1 511927000000000 10027 10335 ?
410 377062 237302 ? 100 1 511927000000000 10027 10335 ?
411 237302 434129 ? 100 1 511927000000000 10027 10335 ?
412 434129 136937 ? 100 1 511927000000000 10027 10335 ?
413 136937 556369 ? 100 1 511927000000000 10027 10335 ?
414 556369 542471 ? 100 1 511927000000000 10027 10335 ?
415 542471 254778 ? 100 1 511927000000000 10027 10335 ?
416 488709 377062 ? 100 1 521964000000000 10027 10335 ?
417 377062 237302 ? 100 1 521964000000000 10027 10335 ?
418 237302 434129 ? 100 1 521964000000000 10027 10335 ?
419 434129 136937 ? 100 1 521964000000000 10027 10335 ?
420 136937 556369 ? 100 1 521964000000000 10027 10335 ?
421 556369 542471 ? 100 1 521964000000000 10027 10335 ?
422 542471 254778 ? 100 1 521964000000000 10027 10335 ?
423 254778 488709 ? 100 1 521964000000000 10027 10335 ?
424 377062 237302 ? 100 1 532001000000000 10027 10335 ?
425 237302 434129 ? 100 1 532001000000000 10027 10335 ?
426 434129 136937 ? 100 1 532001000000000 10027 10335 ?
427 136937 556369 ? 100 1 532001000000000 10027 10335 ?
428 556369 542471 ? 100 1 532001000000000 10027 10335 ?
429 542471 254778 ? 100 1 532001000000000 10027 10335 ?
430 254778 488709 ? 100 1 532001000000000 10027 10335 ?
431 488709 377062 ? 100 1 532001000000000 10027 10335 ?
432 237302 434129 ? 100 1 542038000000000 10027 10335 ?
433 434129 136937 ? 100 1 542038000000000 10027 10335 ?
434 136937 556369 ? 100 1 542038000000000 10027 10335 ?
435 556369 542471 ? 100 1 542038000000000 10027 10335 ?
436 542471 254778 ? 100 1 542038000000000 10027 10335 ?
437 254778 488709 ? 100 1 542038000000000 10027 10335 ?
438 488709 377062 ? 100 1 542038000000000 10027 10335 ?
439 377062 237302 ? 100 1 542038000000000 10027 10335 ?
440 434129 136937 ? 100 1 552075000000000 10027 10335 ?
441 136937 556369 ? 100 1 552075000000000 10027 10335 ?
442 556369 542471 ? 100 1 552075000000000 10027 10335 ?
443 542471 254778 ? 100 1 552075000000000 10027 10335 ?
444 254778 488709 ? 100 1 552075000000000 10027 10335 ?
445 488709 377062 ? 100 1 552075000000000 10027 10335 ?
446 377062 237302 ? 100 1 552075000000000 10027 10335 ?
447 237302 434129 ? 100 1 552075000000000 10027 10335 ?
