0b000001 0b000101 10000 100 1 10 10027 10335
0b000101 0b000201 10000 100 1 10 10027 10335
0b000201 0b000301 10000 100 1 10 10027 10335
0b000301 0b000401 10000 100 1 10 10027 10335
0b000401 0b000501 10000 100 1 10 10027 10335
0b000501 0b000601 10000 100 1 10 10027 10335
0b000601 0b000701 10000 100 1 10 10027 10335
0b000701 0b000001 10000 100 1 10 10027 10335
0b000101 0b000201 10001 100 1 10047 10027 10335
0b000201 0b000301 10001 100 1 10047 10027 10335
0b000301 0b000401 10001 100 1 10047 10027 10335
0b000401 0b000501 10001 100 1 10047 10027 10335
0b000501 0b000601 10001 100 1 10047 10027 10335
0b000601 0b000701 10001 100 1 10047 10027 10335
0b000701 0b000001 10001 100 1 10047 10027 10335
0b000001 0b000101 10001 100 1 10047 10027 10335
0b000201 0b000301 10002 100 1 20084 10027 10335
0b000301 0b000401 10002 100 1 20084 10027 10335
0b000401 0b000501 10002 100 1 20084 10027 10335
0b000501 0b000601 10002 100 1 20084 10027 10335
0b000601 0b000701 10002 100 1 20084 10027 10335
0b000701 0b000001 10002 100 1 20084 10027 10335
0b000001 0b000101 10002 100 1 20084 10027 10335
0b000101 0b000201 10002 100 1 20084 10027 10335
0b000301 0b000401 10003 100 1 30121 10027 10335
0b000401 0b000501 10003 100 1 30121 10027 10335
0b000501 0b000601 10003 100 1 30121 10027 10335
0b000601 0b000701 10003 100 1 30121 10027 10335
0b000701 0b000001 10003 100 1 30121 10027 10335
0b000001 0b000101 10003 100 1 30121 10027 10335
0b000101 0b000201 10003 100 1 30121 10027 10335
0b000201 0b000301 10003 100 1 30121 10027 10335
0b000401 0b000501 10004 100 1 40158 10027 10335
0b000501 0b000601 10004 100 1 40158 10027 10335
0b000601 0b000701 10004 100 1 40158 10027 10335
0b000701 0b000001 10004 100 1 40158 10027 10335
0b000001 0b000101 10004 100 1 40158 10027 10335
0b000101 0b000201 10004 100 1 40158 10027 10335
0b000201 0b000301 10004 100 1 40158 10027 10335
0b000301 0b000401 10004 100 1 40158 10027 10335
0b000501 0b000601 10005 100 1 50195 10027 10335
0b000601 0b000701 10005 100 1 50195 10027 10335
0b000701 0b000001 10005 100 1 50195 10027 10335
0b000001 0b000101 10005 100 1 50195 10027 10335
0b000101 0b000201 10005 100 1 50195 10027 10335
0b000201 0b000301 10005 100 1 50195 10027 10335
0b000301 0b000401 10005 100 1 50195 10027 10335
0b000401 0b000501 10005 100 1 50195 10027 10335
0b000601 0b000701 10006 100 1 60232 10027 10335
0b000701 0b000001 10006 100 1 60232 10027 10335
0b000001 0b000101 10006 100 1 60232 10027 10335
0b000101 0b000201 10006 100 1 60232 10027 10335
0b000201 0b000301 10006 100 1 60232 10027 10335
0b000301 0b000401 10006 100 1 60232 10027 10335
0b000401 0b000501 10006 100 1 60232 10027 10335
0b000501 0b000601 10006 100 1 60232 10027 10335
0b000701 0b000001 10007 100 1 70269 10027 10335
0b000001 0b000101 10007 100 1 70269 10027 10335
0b000101 0b000201 10007 100 1 70269 10027 10335
0b000201 0b000301 10007 100 1 70269 10027 10335
0b000301 0b000401 10007 100 1 70269 10027 10335
0b000401 0b000501 10007 100 1 70269 10027 10335
0b000501 0b000601 10007 100 1 70269 10027 10335
0b000601 0b000701 10007 100 1 70269 10027 10335
0b000001 0b000101 10008 100 1 80306 10027 10335
0b000101 0b000201 10008 100 1 80306 10027 10335
0b000201 0b000301 10008 100 1 80306 10027 10335
0b000301 0b000401 10008 100 1 80306 10027 10335
0b000401 0b000501 10008 100 1 80306 10027 10335
0b000501 0b000601 10008 100 1 80306 10027 10335
0b000601 0b000701 10008 100 1 80306 10027 10335
0b000701 0b000001 10008 100 1 80306 10027 10335
0b000101 0b000201 10009 100 1 90343 10027 10335
0b000201 0b000301 10009 100 1 90343 10027 10335
0b000301 0b000401 10009 100 1 90343 10027 10335
0b000401 0b000501 10009 100 1 90343 10027 10335
0b000501 0b000601 10009 100 1 90343 10027 10335
0b000601 0b000701 10009 100 1 90343 10027 10335
0b000701 0b000001 10009 100 1 90343 10027 10335
0b000001 0b000101 10009 100 1 90343 10027 10335
0b000201 0b000301 10010 100 1 100380 10027 10335
0b000301 0b000401 10010 100 1 100380 10027 10335
0b000401 0b000501 10010 100 1 100380 10027 10335
0b000501 0b000601 10010 100 1 100380 10027 10335
0b000601 0b000701 10010 100 1 100380 10027 10335
0b000701 0b000001 10010 100 1 100380 10027 10335
0b000001 0b000101 10010 100 1 100380 10027 10335
0b000101 0b000201 10010 100 1 100380 10027 10335
0b000301 0b000401 10011 100 1 110417 10027 10335
0b000401 0b000501 10011 100 1 110417 10027 10335
0b000501 0b000601 10011 100 1 110417 10027 10335
0b000601 0b000701 10011 100 1 110417 10027 10335
0b000701 0b000001 10011 100 1 110417 10027 10335
0b000001 0b000101 10011 100 1 110417 10027 10335
0b000101 0b000201 10011 100 1 110417 10027 10335
0b000201 0b000301 10011 100 1 110417 10027 10335
0b000401 0b000501 10012 100 1 120454 10027 10335
0b000501 0b000601 10012 100 1 120454 10027 10335
0b000601 0b000701 10012 100 1 120454 10027 10335
0b000701 0b000001 10012 100 1 120454 10027 10335
0b000001 0b000101 10012 100 1 120454 10027 10335
0b000101 0b000201 10012 100 1 120454 10027 10335
0b000201 0b000301 10012 100 1 120454 10027 10335
0b000301 0b000401 10012 100 1 120454 10027 10335
0b000501 0b000601 10013 100 1 130491 10027 10335
0b000601 0b000701 10013 100 1 130491 10027 10335
0b000701 0b000001 10013 100 1 130491 10027 10335
0b000001 0b000101 10013 100 1 130491 10027 10335
0b000101 0b000201 10013 100 1 130491 10027 10335
0b000201 0b000301 10013 100 1 130491 10027 10335
0b000301 0b000401 10013 100 1 130491 10027 10335
0b000401 0b000501 10013 100 1 130491 10027 10335
0b000601 0b000701 10014 100 1 140538 10027 10335
0b000701 0b000001 10014 100 1 140538 10027 10335
0b000001 0b000101 10014 100 1 140538 10027 10335
0b000101 0b000201 10014 100 1 140538 10027 10335
0b000201 0b000301 10014 100 1 140538 10027 10335
0b000301 0b000401 10014 100 1 140538 10027 10335
0b000401 0b000501 10014 100 1 140538 10027 10335
0b000501 0b000601 10014 100 1 140538 10027 10335
0b000701 0b000001 10015 100 1 150575 10027 10335
0b000001 0b000101 10015 100 1 150575 10027 10335
0b000101 0b000201 10015 100 1 150575 10027 10335
0b000201 0b000301 10015 100 1 150575 10027 10335
0b000301 0b000401 10015 100 1 150575 10027 10335
0b000401 0b000501 10015 100 1 150575 10027 10335
0b000501 0b000601 10015 100 1 150575 10027 10335
0b000601 0b000701 10015 100 1 150575 10027 10335
0b000001 0b000101 10016 100 1 160612 10027 10335
0b000101 0b000201 10016 100 1 160612 10027 10335
0b000201 0b000301 10016 100 1 160612 10027 10335
0b000301 0b000401 10016 100 1 160612 10027 10335
0b000401 0b000501 10016 100 1 160612 10027 10335
0b000501 0b000601 10016 100 1 160612 10027 10335
0b000601 0b000701 10016 100 1 160612 10027 10335
0b000701 0b000001 10016 100 1 160612 10027 10335
0b000101 0b000201 10017 100 1 170649 10027 10335
0b000201 0b000301 10017 100 1 170649 10027 10335
0b000301 0b000401 10017 100 1 170649 10027 10335
0b000401 0b000501 10017 100 1 170649 10027 10335
0b000501 0b000601 10017 100 1 170649 10027 10335
0b000601 0b000701 10017 100 1 170649 10027 10335
0b000701 0b000001 10017 100 1 170649 10027 10335
0b000001 0b000101 10017 100 1 170649 10027 10335
0b000201 0b000301 10018 100 1 180686 10027 10335
0b000301 0b000401 10018 100 1 180686 10027 10335
0b000401 0b000501 10018 100 1 180686 10027 10335
0b000501 0b000601 10018 100 1 180686 10027 10335
0b000601 0b000701 10018 100 1 180686 10027 10335
0b000701 0b000001 10018 100 1 180686 10027 10335
0b000001 0b000101 10018 100 1 180686 10027 10335
0b000101 0b000201 10018 100 1 180686 10027 10335
0b000301 0b000401 10019 100 1 190723 10027 10335
0b000401 0b000501 10019 100 1 190723 10027 10335
0b000501 0b000601 10019 100 1 190723 10027 10335
0b000601 0b000701 10019 100 1 190723 10027 10335
0b000701 0b000001 10019 100 1 190723 10027 10335
0b000001 0b000101 10019 100 1 190723 10027 10335
0b000101 0b000201 10019 100 1 190723 10027 10335
0b000201 0b000301 10019 100 1 190723 10027 10335
0b000401 0b000501 10020 100 1 200760 10027 10335
0b000501 0b000601 10020 100 1 200760 10027 10335
0b000601 0b000701 10020 100 1 200760 10027 10335
0b000701 0b000001 10020 100 1 200760 10027 10335
0b000001 0b000101 10020 100 1 200760 10027 10335
0b000101 0b000201 10020 100 1 200760 10027 10335
0b000201 0b000301 10020 100 1 200760 10027 10335
0b000301 0b000401 10020 100 1 200760 10027 10335
0b000501 0b000601 10021 100 1 210797 10027 10335
0b000601 0b000701 10021 100 1 210797 10027 10335
0b000701 0b000001 10021 100 1 210797 10027 10335
0b000001 0b000101 10021 100 1 210797 10027 10335
0b000101 0b000201 10021 100 1 210797 10027 10335
0b000201 0b000301 10021 100 1 210797 10027 10335
0b000301 0b000401 10021 100 1 210797 10027 10335
0b000401 0b000501 10021 100 1 210797 10027 10335
0b000601 0b000701 10022 100 1 220834 10027 10335
0b000701 0b000001 10022 100 1 220834 10027 10335
0b000001 0b000101 10022 100 1 220834 10027 10335
0b000101 0b000201 10022 100 1 220834 10027 10335
0b000201 0b000301 10022 100 1 220834 10027 10335
0b000301 0b000401 10022 100 1 220834 10027 10335
0b000401 0b000501 10022 100 1 220834 10027 10335
0b000501 0b000601 10022 100 1 220834 10027 10335
0b000701 0b000001 10023 100 1 230871 10027 10335
0b000001 0b000101 10023 100 1 230871 10027 10335
0b000101 0b000201 10023 100 1 230871 10027 10335
0b000201 0b000301 10023 100 1 230871 10027 10335
0b000301 0b000401 10023 100 1 230871 10027 10335
0b000401 0b000501 10023 100 1 230871 10027 10335
0b000501 0b000601 10023 100 1 230871 10027 10335
0b000601 0b000701 10023 100 1 230871 10027 10335
0b000001 0b000101 10024 100 1 240908 10027 10335
0b000101 0b000201 10024 100 1 240908 10027 10335
0b000201 0b000301 10024 100 1 240908 10027 10335
0b000301 0b000401 10024 100 1 240908 10027 10335
0b000401 0b000501 10024 100 1 240908 10027 10335
0b000501 0b000601 10024 100 1 240908 10027 10335
0b000601 0b000701 10024 100 1 240908 10027 10335
0b000701 0b000001 10024 100 1 240908 10027 10335
0b000101 0b000201 10025 100 1 250945 10027 10335
0b000201 0b000301 10025 100 1 250945 10027 10335
0b000301 0b000401 10025 100 1 250945 10027 10335
0b000401 0b000501 10025 100 1 250945 10027 10335
0b000501 0b000601 10025 100 1 250945 10027 10335
0b000601 0b000701 10025 100 1 250945 10027 10335
0b000701 0b000001 10025 100 1 250945 10027 10335
0b000001 0b000101 10025 100 1 250945 10027 10335
0b000201 0b000301 10026 100 1 260982 10027 10335
0b000301 0b000401 10026 100 1 260982 10027 10335
0b000401 0b000501 10026 100 1 260982 10027 10335
0b000501 0b000601 10026 100 1 260982 10027 10335
0b000601 0b000701 10026 100 1 260982 10027 10335
0b000701 0b000001 10026 100 1 260982 10027 10335
0b000001 0b000101 10026 100 1 260982 10027 10335
0b000101 0b000201 10026 100 1 260982 10027 10335
0b000301 0b000401 10027 100 1 271019 10027 10335
0b000401 0b000501 10027 100 1 271019 10027 10335
0b000501 0b000601 10027 100 1 271019 10027 10335
0b000601 0b000701 10027 100 1 271019 10027 10335
0b000701 0b000001 10027 100 1 271019 10027 10335
0b000001 0b000101 10027 100 1 271019 10027 10335
0b000101 0b000201 10027 100 1 271019 10027 10335
0b000201 0b000301 10027 100 1 271019 10027 10335
0b000401 0b000501 10028 100 1 281066 10027 10335
0b000501 0b000601 10028 100 1 281066 10027 10335
0b000601 0b000701 10028 100 1 281066 10027 10335
0b000701 0b000001 10028 100 1 281066 10027 10335
0b000001 0b000101 10028 100 1 281066 10027 10335
0b000101 0b000201 10028 100 1 281066 10027 10335
0b000201 0b000301 10028 100 1 281066 10027 10335
0b000301 0b000401 10028 100 1 281066 10027 10335
0b000501 0b000601 10029 100 1 291103 10027 10335
0b000601 0b000701 10029 100 1 291103 10027 10335
0b000701 0b000001 10029 100 1 291103 10027 10335
0b000001 0b000101 10029 100 1 291103 10027 10335
0b000101 0b000201 10029 100 1 291103 10027 10335
0b000201 0b000301 10029 100 1 291103 10027 10335
0b000301 0b000401 10029 100 1 291103 10027 10335
0b000401 0b000501 10029 100 1 291103 10027 10335
0b000601 0b000701 10030 100 1 301140 10027 10335
0b000701 0b000001 10030 100 1 301140 10027 10335
0b000001 0b000101 10030 100 1 301140 10027 10335
0b000101 0b000201 10030 100 1 301140 10027 10335
0b000201 0b000301 10030 100 1 301140 10027 10335
0b000301 0b000401 10030 100 1 301140 10027 10335
0b000401 0b000501 10030 100 1 301140 10027 10335
0b000501 0b000601 10030 100 1 301140 10027 10335
0b000701 0b000001 10031 100 1 311177 10027 10335
0b000001 0b000101 10031 100 1 311177 10027 10335
0b000101 0b000201 10031 100 1 311177 10027 10335
0b000201 0b000301 10031 100 1 311177 10027 10335
0b000301 0b000401 10031 100 1 311177 10027 10335
0b000401 0b000501 10031 100 1 311177 10027 10335
0b000501 0b000601 10031 100 1 311177 10027 10335
0b000601 0b000701 10031 100 1 311177 10027 10335
0b000001 0b000101 10032 100 1 321214 10027 10335
0b000101 0b000201 10032 100 1 321214 10027 10335
0b000201 0b000301 10032 100 1 321214 10027 10335
0b000301 0b000401 10032 100 1 321214 10027 10335
0b000401 0b000501 10032 100 1 321214 10027 10335
0b000501 0b000601 10032 100 1 321214 10027 10335
0b000601 0b000701 10032 100 1 321214 10027 10335
0b000701 0b000001 10032 100 1 321214 10027 10335
0b000101 0b000201 10033 100 1 331251 10027 10335
0b000201 0b000301 10033 100 1 331251 10027 10335
0b000301 0b000401 10033 100 1 331251 10027 10335
0b000401 0b000501 10033 100 1 331251 10027 10335
0b000501 0b000601 10033 100 1 331251 10027 10335
0b000601 0b000701 10033 100 1 331251 10027 10335
0b000701 0b000001 10033 100 1 331251 10027 10335
0b000001 0b000101 10033 100 1 331251 10027 10335
0b000201 0b000301 10034 100 1 341288 10027 10335
0b000301 0b000401 10034 100 1 341288 10027 10335
0b000401 0b000501 10034 100 1 341288 10027 10335
0b000501 0b000601 10034 100 1 341288 10027 10335
0b000601 0b000701 10034 100 1 341288 10027 10335
0b000701 0b000001 10034 100 1 341288 10027 10335
0b000001 0b000101 10034 100 1 341288 10027 10335
0b000101 0b000201 10034 100 1 341288 10027 10335
0b000301 0b000401 10035 100 1 351325 10027 10335
0b000401 0b000501 10035 100 1 351325 10027 10335
0b000501 0b000601 10035 100 1 351325 10027 10335
0b000601 0b000701 10035 100 1 351325 10027 10335
0b000701 0b000001 10035 100 1 351325 10027 10335
0b000001 0b000101 10035 100 1 351325 10027 10335
0b000101 0b000201 10035 100 1 351325 10027 10335
0b000201 0b000301 10035 100 1 351325 10027 10335
0b000401 0b000501 10036 100 1 361362 10027 10335
0b000501 0b000601 10036 100 1 361362 10027 10335
0b000601 0b000701 10036 100 1 361362 10027 10335
0b000701 0b000001 10036 100 1 361362 10027 10335
0b000001 0b000101 10036 100 1 361362 10027 10335
0b000101 0b000201 10036 100 1 361362 10027 10335
0b000201 0b000301 10036 100 1 361362 10027 10335
0b000301 0b000401 10036 100 1 361362 10027 10335
0b000501 0b000601 10037 100 1 371399 10027 10335
0b000601 0b000701 10037 100 1 371399 10027 10335
0b000701 0b000001 10037 100 1 371399 10027 10335
0b000001 0b000101 10037 100 1 371399 10027 10335
0b000101 0b000201 10037 100 1 371399 10027 10335
0b000201 0b000301 10037 100 1 371399 10027 10335
0b000301 0b000401 10037 100 1 371399 10027 10335
0b000401 0b000501 10037 100 1 371399 10027 10335
0b000601 0b000701 10038 100 1 381436 10027 10335
0b000701 0b000001 10038 100 1 381436 10027 10335
0b000001 0b000101 10038 100 1 381436 10027 10335
0b000101 0b000201 10038 100 1 381436 10027 10335
0b000201 0b000301 10038 100 1 381436 10027 10335
0b000301 0b000401 10038 100 1 381436 10027 10335
0b000401 0b000501 10038 100 1 381436 10027 10335
0b000501 0b000601 10038 100 1 381436 10027 10335
0b000701 0b000001 10039 100 1 391473 10027 10335
0b000001 0b000101 10039 100 1 391473 10027 10335
0b000101 0b000201 10039 100 1 391473 10027 10335
0b000201 0b000301 10039 100 1 391473 10027 10335
0b000301 0b000401 10039 100 1 391473 10027 10335
0b000401 0b000501 10039 100 1 391473 10027 10335
0b000501 0b000601 10039 100 1 391473 10027 10335
0b000601 0b000701 10039 100 1 391473 10027 10335
0b000001 0b000101 10040 100 1 401510 10027 10335
0b000101 0b000201 10040 100 1 401510 10027 10335
0b000201 0b000301 10040 100 1 401510 10027 10335
0b000301 0b000401 10040 100 1 401510 10027 10335
0b000401 0b000501 10040 100 1 401510 10027 10335
0b000501 0b000601 10040 100 1 401510 10027 10335
0b000601 0b000701 10040 100 1 401510 10027 10335
0b000701 0b000001 10040 100 1 401510 10027 10335
0b000101 0b000201 10041 100 1 411547 10027 10335
0b000201 0b000301 10041 100 1 411547 10027 10335
0b000301 0b000401 10041 100 1 411547 10027 10335
0b000401 0b000501 10041 100 1 411547 10027 10335
0b000501 0b000601 10041 100 1 411547 10027 10335
0b000601 0b000701 10041 100 1 411547 10027 10335
0b000701 0b000001 10041 100 1 411547 10027 10335
0b000001 0b000101 10041 100 1 411547 10027 10335
0b000201 0b000301 10042 100 1 421594 10027 10335
0b000301 0b000401 10042 100 1 421594 10027 10335
0b000401 0b000501 10042 100 1 421594 10027 10335
0b000501 0b000601 10042 100 1 421594 10027 10335
0b000601 0b000701 10042 100 1 421594 10027 10335
0b000701 0b000001 10042 100 1 421594 10027 10335
0b000001 0b000101 10042 100 1 421594 10027 10335
0b000101 0b000201 10042 100 1 421594 10027 10335
0b000301 0b000401 10043 100 1 431631 10027 10335
0b000401 0b000501 10043 100 1 431631 10027 10335
0b000501 0b000601 10043 100 1 431631 10027 10335
0b000601 0b000701 10043 100 1 431631 10027 10335
0b000701 0b000001 10043 100 1 431631 10027 10335
0b000001 0b000101 10043 100 1 431631 10027 10335
0b000101 0b000201 10043 100 1 431631 10027 10335
0b000201 0b000301 10043 100 1 431631 10027 10335
0b000401 0b000501 10044 100 1 441668 10027 10335
0b000501 0b000601 10044 100 1 441668 10027 10335
0b000601 0b000701 10044 100 1 441668 10027 10335
0b000701 0b000001 10044 100 1 441668 10027 10335
0b000001 0b000101 10044 100 1 441668 10027 10335
0b000101 0b000201 10044 100 1 441668 10027 10335
0b000201 0b000301 10044 100 1 441668 10027 10335
0b000301 0b000401 10044 100 1 441668 10027 10335
0b000501 0b000601 10045 100 1 451705 10027 10335
0b000601 0b000701 10045 100 1 451705 10027 10335
0b000701 0b000001 10045 100 1 451705 10027 10335
0b000001 0b000101 10045 100 1 451705 10027 10335
0b000101 0b000201 10045 100 1 451705 10027 10335
0b000201 0b000301 10045 100 1 451705 10027 10335
0b000301 0b000401 10045 100 1 451705 10027 10335
0b000401 0b000501 10045 100 1 451705 10027 10335
0b000601 0b000701 10046 100 1 461742 10027 10335
0b000701 0b000001 10046 100 1 461742 10027 10335
0b000001 0b000101 10046 100 1 461742 10027 10335
0b000101 0b000201 10046 100 1 461742 10027 10335
0b000201 0b000301 10046 100 1 461742 10027 10335
0b000301 0b000401 10046 100 1 461742 10027 10335
0b000401 0b000501 10046 100 1 461742 10027 10335
0b000501 0b000601 10046 100 1 461742 10027 10335
0b000701 0b000001 10047 100 1 471779 10027 10335
0b000001 0b000101 10047 100 1 471779 10027 10335
0b000101 0b000201 10047 100 1 471779 10027 10335
0b000201 0b000301 10047 100 1 471779 10027 10335
0b000301 0b000401 10047 100 1 471779 10027 10335
0b000401 0b000501 10047 100 1 471779 10027 10335
0b000501 0b000601 10047 100 1 471779 10027 10335
0b000601 0b000701 10047 100 1 471779 10027 10335
0b000001 0b000101 10048 100 1 481816 10027 10335
0b000101 0b000201 10048 100 1 481816 10027 10335
0b000201 0b000301 10048 100 1 481816 10027 10335
0b000301 0b000401 10048 100 1 481816 10027 10335
0b000401 0b000501 10048 100 1 481816 10027 10335
0b000501 0b000601 10048 100 1 481816 10027 10335
0b000601 0b000701 10048 100 1 481816 10027 10335
0b000701 0b000001 10048 100 1 481816 10027 10335
0b000101 0b000201 10049 100 1 491853 10027 10335
0b000201 0b000301 10049 100 1 491853 10027 10335
0b000301 0b000401 10049 100 1 491853 10027 10335
0b000401 0b000501 10049 100 1 491853 10027 10335
0b000501 0b000601 10049 100 1 491853 10027 10335
0b000601 0b000701 10049 100 1 491853 10027 10335
0b000701 0b000001 10049 100 1 491853 10027 10335
0b000001 0b000101 10049 100 1 491853 10027 10335
0b000201 0b000301 10050 100 1 501890 10027 10335
0b000301 0b000401 10050 100 1 501890 10027 10335
0b000401 0b000501 10050 100 1 501890 10027 10335
0b000501 0b000601 10050 100 1 501890 10027 10335
0b000601 0b000701 10050 100 1 501890 10027 10335
0b000701 0b000001 10050 100 1 501890 10027 10335
0b000001 0b000101 10050 100 1 501890 10027 10335
0b000101 0b000201 10050 100 1 501890 10027 10335
0b000301 0b000401 10051 100 1 511927 10027 10335
0b000401 0b000501 10051 100 1 511927 10027 10335
0b000501 0b000601 10051 100 1 511927 10027 10335
0b000601 0b000701 10051 100 1 511927 10027 10335
0b000701 0b000001 10051 100 1 511927 10027 10335
0b000001 0b000101 10051 100 1 511927 10027 10335
0b000101 0b000201 10051 100 1 511927 10027 10335
0b000201 0b000301 10051 100 1 511927 10027 10335
0b000401 0b000501 10052 100 1 521964 10027 10335
0b000501 0b000601 10052 100 1 521964 10027 10335
0b000601 0b000701 10052 100 1 521964 10027 10335
0b000701 0b000001 10052 100 1 521964 10027 10335
0b000001 0b000101 10052 100 1 521964 10027 10335
0b000101 0b000201 10052 100 1 521964 10027 10335
0b000201 0b000301 10052 100 1 521964 10027 10335
0b000301 0b000401 10052 100 1 521964 10027 10335
0b000501 0b000601 10053 100 1 532001 10027 10335
0b000601 0b000701 10053 100 1 532001 10027 10335
0b000701 0b000001 10053 100 1 532001 10027 10335
0b000001 0b000101 10053 100 1 532001 10027 10335
0b000101 0b000201 10053 100 1 532001 10027 10335
0b000201 0b000301 10053 100 1 532001 10027 10335
0b000301 0b000401 10053 100 1 532001 10027 10335
0b000401 0b000501 10053 100 1 532001 10027 10335
0b000601 0b000701 10054 100 1 542038 10027 10335
0b000701 0b000001 10054 100 1 542038 10027 10335
0b000001 0b000101 10054 100 1 542038 10027 10335
0b000101 0b000201 10054 100 1 542038 10027 10335
0b000201 0b000301 10054 100 1 542038 10027 10335
0b000301 0b000401 10054 100 1 542038 10027 10335
0b000401 0b000501 10054 100 1 542038 10027 10335
0b000501 0b000601 10054 100 1 542038 10027 10335
0b000701 0b000001 10055 100 1 552075 10027 10335
0b000001 0b000101 10055 100 1 552075 10027 10335
0b000101 0b000201 10055 100 1 552075 10027 10335
0b000201 0b000301 10055 100 1 552075 10027 10335
0b000301 0b000401 10055 100 1 552075 10027 10335
0b000401 0b000501 10055 100 1 552075 10027 10335
0b000501 0b000601 10055 100 1 552075 10027 10335
0b000601 0b000701 10055 100 1 552075 10027 10335
