0b000001 0b000101 10000 100 1 10 5004 20081
0b000201 0b000301 10000 100 1 10 5004 20081
0b000101 0b000201 10001 100 1 5024 5004 20081
0b000501 0b000601 10000 100 1 10 12504 20081
0b000201 0b000301 10001 100 1 10038 5004 20081
0b000301 0b000401 10001 100 1 5024 12506 20081
0b000101 0b000201 10000 100 1 10 20006 20081
0b000301 0b000401 10000 100 1 10 20006 20081
0b000401 0b000501 10000 100 1 10 20006 20081
0b000601 0b000701 10000 100 1 10 20006 20081
0b000701 0b000001 10000 100 1 10 20006 20081
0b000301 0b000401 10002 100 1 15052 5004 20081
0b000401 0b000501 10001 100 1 17540 5004 20081
0b000601 0b000701 10001 100 1 12524 12506 20081
0b000201 0b000301 10002 100 1 20026 5004 20081
0b000401 0b000501 10003 100 1 20066 5004 20081
0b000501 0b000601 10002 100 1 22554 5004 20081
0b000501 0b000601 10003 100 1 25080 5004 20081
0b000401 0b000501 10002 100 1 20026 12504 20081
0b000501 0b000601 10001 100 1 20026 12504 20081
0b000701 0b000001 10001 100 1 20026 12506 20081
0b000601 0b000701 10002 100 1 27568 5004 20081
0b000001 0b000101 10001 100 1 20026 20006 20081
0b000601 0b000701 10003 100 1 30094 12506 20081
0b000501 0b000601 10004 100 1 32540 12504 20081
0b000601 0b000701 10004 100 1 32540 12504 20081
0b000701 0b000001 10002 100 1 25040 20006 20081
0b000301 0b000401 10003 100 1 25040 20006 20081
0b000001 0b000101 10002 100 1 32542 12504 20081
0b000101 0b000201 10002 100 1 40042 5004 20081
0b000701 0b000001 10003 100 1 32582 12506 20081
0b000201 0b000301 10003 100 1 45056 5004 20081
0b000301 0b000401 10004 100 1 50070 5004 20081
0b000601 0b000701 10005 100 1 45054 12506 20081
0b000001 0b000101 10003 100 1 45056 12504 20081
0b000401 0b000501 10004 100 1 45056 12504 20081
0b000101 0b000201 10003 100 1 45056 12504 20081
0b000001 0b000101 10004 100 1 45098 12506 20081
0b000401 0b000501 10005 100 1 55084 5004 20081
0b000101 0b000201 10004 100 1 57570 5004 20081
0b000201 0b000301 10004 100 1 57570 5004 20081
0b000701 0b000001 10004 100 1 42610 20006 20081
0b000701 0b000001 10005 100 1 45054 20006 20081
0b000501 0b000601 10006 100 1 60098 5004 20081
0b000001 0b000101 10005 100 1 62626 5004 20081
0b000701 0b000001 10006 100 1 57570 12504 20081
0b000601 0b000701 10006 100 1 65112 5004 20081
0b000101 0b000201 10005 100 1 57614 12506 20081
0b000101 0b000201 10006 100 1 67640 5004 20081
0b000001 0b000101 10007 100 1 70084 5004 20081
0b000301 0b000401 10005 100 1 62584 12506 20081
0b000201 0b000301 10006 100 1 70130 5004 20081
0b000501 0b000601 10005 100 1 57570 20006 20081
0b000201 0b000301 10005 100 1 62584 20006 20081
0b000701 0b000001 10007 100 1 70126 12506 20081
0b000001 0b000101 10006 100 1 65070 20006 20081
0b000201 0b000301 10007 100 1 72654 12504 20081
0b000401 0b000501 10006 100 1 75100 12506 20081
0b000301 0b000401 10006 100 1 75144 12504 20081
0b000101 0b000201 10008 100 1 85086 5004 20081
0b000601 0b000701 10007 100 1 77586 12506 20081
0b000101 0b000201 10007 100 1 75098 20006 20081
0b000301 0b000401 10007 100 1 82600 12504 20081
0b000701 0b000001 10008 100 1 90102 5004 20081
0b000301 0b000401 10008 100 1 85168 12504 20081
0b000201 0b000301 10009 100 1 95114 5004 20081
0b000001 0b000101 10009 100 1 95116 5004 20081
0b000001 0b000101 10008 100 1 82642 20006 20081
0b000401 0b000501 10008 100 1 95114 12506 20081
0b000501 0b000601 10007 100 1 87616 20006 20081
0b000401 0b000501 10007 100 1 87658 20006 20081
0b000201 0b000301 10008 100 1 90100 20006 20081
0b000401 0b000501 10009 100 1 97682 12504 20081
0b000101 0b000201 10009 100 1 100130 12506 20081
0b000101 0b000201 10010 100 1 102658 12506 20081
0b000201 0b000301 10010 100 1 112646 5004 20081
0b000301 0b000401 10009 100 1 100128 20006 20081
0b000501 0b000601 10008 100 1 107630 12506 20081
0b000601 0b000701 10008 100 1 107632 12504 20081
0b000501 0b000601 10009 100 1 107674 12506 20081
0b000301 0b000401 10010 100 1 110116 12506 20081
0b000301 0b000401 10011 100 1 117660 5004 20081
0b000401 0b000501 10010 100 1 120144 5004 20081
0b000701 0b000001 10009 100 1 120146 5004 20081
0b000201 0b000301 10011 100 1 115174 12504 20081
0b000501 0b000601 10011 100 1 125158 5004 20081
0b000001 0b000101 10010 100 1 125160 5004 20081
0b000501 0b000601 10010 100 1 110196 20006 20081
0b000601 0b000701 10009 100 1 120146 12506 20081
0b000601 0b000701 10010 100 1 120190 12506 20081
0b000401 0b000501 10011 100 1 122632 12506 20081
0b000401 0b000501 10012 100 1 122674 12504 20081
0b000301 0b000401 10012 100 1 127688 12506 20081
0b000601 0b000701 10011 100 1 130172 12504 20081
0b000101 0b000201 10011 100 1 130174 12506 20081
0b000601 0b000701 10012 100 1 130212 12504 20081
0b000701 0b000001 10010 100 1 132662 12506 20081
0b000701 0b000001 10011 100 1 132706 12506 20081
0b000501 0b000601 10012 100 1 135148 12504 20081
0b000701 0b000001 10012 100 1 142686 5004 20081
0b000401 0b000501 10013 100 1 140204 12504 20081
0b000501 0b000601 10013 100 1 135188 20006 20081
0b000201 0b000301 10012 100 1 142690 12504 20081
0b000701 0b000001 10013 100 1 142726 12504 20081
0b000001 0b000101 10012 100 1 145222 12504 20081
0b000501 0b000601 10014 100 1 152728 5004 20081
0b000101 0b000201 10012 100 1 157736 5004 20081
0b000001 0b000101 10011 100 1 145178 20006 20081
0b000601 0b000701 10013 100 1 147662 20006 20081
0b000001 0b000101 10013 100 1 147700 20006 20081
0b000601 0b000701 10014 100 1 155214 12504 20081
0b000001 0b000101 10014 100 1 155250 12504 20081
0b000701 0b000001 10014 100 1 167688 5004 20081
0b000301 0b000401 10013 100 1 155204 20006 20081
0b000201 0b000301 10013 100 1 162750 12506 20081
0b000101 0b000201 10013 100 1 165194 12504 20081
0b000601 0b000701 10015 100 1 157742 20006 20081
0b000101 0b000201 10014 100 1 167726 12506 20081
0b000201 0b000301 10014 100 1 177718 5004 20081
0b000701 0b000001 10015 100 1 167728 20006 20081
0b000101 0b000201 10015 100 1 167764 20006 20081
0b000301 0b000401 10014 100 1 175276 12504 20081
0b000701 0b000001 10016 100 1 177758 12506 20081
0b000001 0b000101 10015 100 1 172702 20006 20081
0b000201 0b000301 10015 100 1 180242 12504 20081
0b000201 0b000301 10016 100 1 187780 5004 20081
0b000401 0b000501 10014 100 1 175230 20006 20081
0b000301 0b000401 10015 100 1 182732 12504 20081
0b000301 0b000401 10016 100 1 192756 5004 20081
0b000001 0b000101 10016 100 1 187744 12506 20081
0b000401 0b000501 10015 100 1 187790 12506 20081
0b000401 0b000501 10017 100 1 197770 5004 20081
0b000001 0b000101 10017 100 1 190274 12504 20081
0b000101 0b000201 10016 100 1 192718 12504 20081
0b000501 0b000601 10015 100 1 195246 12504 20081
0b000401 0b000501 10016 100 1 195246 12504 20081
0b000501 0b000601 10018 100 1 207760 5004 20081
0b000101 0b000201 10017 100 1 200260 12506 20081
0b000301 0b000401 10017 100 1 192794 20006 20081
0b000501 0b000601 10016 100 1 200306 12506 20081
0b000101 0b000201 10018 100 1 202788 12506 20081
0b000201 0b000301 10017 100 1 205232 12504 20081
0b000401 0b000501 10018 100 1 212810 5004 20081
0b000501 0b000601 10017 100 1 202784 20006 20081
0b000601 0b000701 10017 100 1 212774 12506 20081
0b000201 0b000301 10018 100 1 212776 12506 20081
0b000601 0b000701 10016 100 1 207760 20006 20081
0b000601 0b000701 10019 100 1 222800 5004 20081
0b000201 0b000301 10019 100 1 215304 12506 20081
0b000301 0b000401 10018 100 1 217746 12504 20081
0b000701 0b000001 10017 100 1 225290 5004 20081
0b000501 0b000601 10019 100 1 217824 12506 20081
0b000301 0b000401 10020 100 1 227820 5004 20081
0b000601 0b000701 10018 100 1 212822 20006 20081
0b000301 0b000401 10019 100 1 225292 12504 20081
0b000701 0b000001 10018 100 1 227776 12506 20081
0b000701 0b000001 10019 100 1 227814 12504 20081
0b000001 0b000101 10018 100 1 230304 12504 20081
0b000001 0b000101 10020 100 1 240328 5004 20081
0b000401 0b000501 10020 100 1 232834 12504 20081
0b000701 0b000001 10020 100 1 232838 12506 20081
0b000401 0b000501 10019 100 1 230260 20006 20081
0b000401 0b000501 10021 100 1 237806 12506 20081
0b000601 0b000701 10020 100 1 230340 20006 20081
0b000501 0b000601 10020 100 1 245348 5004 20081
0b000001 0b000101 10019 100 1 240292 12504 20081
0b000701 0b000001 10021 100 1 250356 5004 20081
0b000101 0b000201 10020 100 1 245342 12506 20081
0b000001 0b000101 10021 100 1 245354 12506 20081
0b000001 0b000101 10022 100 1 255370 5004 20081
0b000501 0b000601 10021 100 1 250276 12504 20081
0b000101 0b000201 10019 100 1 242818 20006 20081
0b000501 0b000601 10022 100 1 250322 12504 20081
0b000601 0b000701 10021 100 1 250362 12504 20081
0b000101 0b000201 10021 100 1 252806 12504 20081
0b000601 0b000701 10023 100 1 262836 5004 20081
0b000201 0b000301 10020 100 1 257858 12506 20081
0b000101 0b000201 10022 100 1 257870 12504 20081
0b000201 0b000301 10021 100 1 262834 12504 20081
0b000701 0b000001 10022 100 1 262876 12504 20081
0b000301 0b000401 10022 100 1 275348 5004 20081
0b000701 0b000001 10023 100 1 267850 12506 20081
0b000101 0b000201 10023 100 1 260384 20006 20081
0b000601 0b000701 10022 100 1 262790 20006 20081
0b000301 0b000401 10021 100 1 270374 12504 20081
0b000201 0b000301 10023 100 1 270384 12506 20081
0b000201 0b000301 10022 100 1 265320 20006 20081
0b000001 0b000101 10024 100 1 280366 5004 20081
0b000201 0b000301 10024 100 1 280400 12506 20081
0b000701 0b000001 10024 100 1 282806 12504 20081
0b000401 0b000501 10023 100 1 282888 12506 20081
0b000001 0b000101 10023 100 1 275390 20006 20081
0b000101 0b000201 10024 100 1 285380 12504 20081
0b000301 0b000401 10025 100 1 292916 5004 20081
0b000401 0b000501 10022 100 1 280362 20006 20081
0b000301 0b000401 10023 100 1 282900 20006 20081
0b000301 0b000401 10024 100 1 285336 20006 20081
0b000001 0b000101 10025 100 1 295320 12504 20081
0b000101 0b000201 10025 100 1 295406 12504 20081
0b000201 0b000301 10025 100 1 297894 12506 20081
0b000501 0b000601 10023 100 1 295404 20006 20081
0b000301 0b000401 10026 100 1 310410 5004 20081
0b000401 0b000501 10026 100 1 305352 12506 20081
0b000401 0b000501 10024 100 1 297930 20006 20081
0b000501 0b000601 10024 100 1 300378 20006 20081
0b000601 0b000701 10024 100 1 315420 5004 20081
0b000201 0b000301 10026 100 1 307920 12506 20081
0b000401 0b000501 10027 100 1 315424 5004 20081
0b000501 0b000601 10025 100 1 317868 5004 20081
0b000401 0b000501 10025 100 1 302916 20006 20081
0b000501 0b000601 10026 100 1 317946 5004 20081
0b000701 0b000001 10025 100 1 320434 5004 20081
0b000101 0b000201 10026 100 1 307834 20006 20081
0b000601 0b000701 10027 100 1 322960 5004 20081
0b000001 0b000101 10026 100 1 325448 5004 20081
0b000601 0b000701 10025 100 1 320394 12504 20081
0b000501 0b000601 10027 100 1 320438 12504 20081
0b000701 0b000001 10026 100 1 327974 5004 20081
0b000601 0b000701 10026 100 1 322882 12506 20081
0b000501 0b000601 10028 100 1 322942 12504 20081
0b000001 0b000101 10027 100 1 332988 5004 20081
0b000201 0b000301 10027 100 1 327850 12506 20081
0b000301 0b000401 10027 100 1 320436 20006 20081
0b000601 0b000701 10028 100 1 332962 12504 20081
0b000401 0b000501 10028 100 1 340462 5004 20081
0b000701 0b000001 10028 100 1 335408 12504 20081
0b000101 0b000201 10027 100 1 330462 20006 20081
0b000701 0b000001 10029 100 1 345476 5004 20081
0b000101 0b000201 10028 100 1 338012 12506 20081
0b000301 0b000401 10028 100 1 340376 12506 20081
0b000701 0b000001 10027 100 1 332908 20006 20081
0b000601 0b000701 10029 100 1 335456 20006 20081
0b000401 0b000501 10029 100 1 352892 5004 20081
0b000001 0b000101 10029 100 1 352944 5004 20081
0b000501 0b000601 10029 100 1 345476 12506 20081
0b000501 0b000601 10030 100 1 357906 5004 20081
0b000601 0b000701 10030 100 1 357992 5004 20081
0b000201 0b000301 10029 100 1 350528 12506 20081
0b000001 0b000101 10028 100 1 352934 12506 20081
0b000001 0b000101 10030 100 1 352954 12504 20081
0b000701 0b000001 10030 100 1 355472 12504 20081
0b000101 0b000201 10031 100 1 365468 5004 20081
0b000201 0b000301 10028 100 1 350488 20006 20081
0b000601 0b000701 10031 100 1 362920 12506 20081
0b000301 0b000401 10030 100 1 370504 5004 20081
0b000701 0b000001 10031 100 1 363006 12504 20081
0b000301 0b000401 10029 100 1 363044 12506 20081
0b000101 0b000201 10030 100 1 365450 12506 20081
0b000101 0b000201 10029 100 1 357958 20006 20081
0b000001 0b000101 10031 100 1 367986 12506 20081
0b000401 0b000501 10031 100 1 375560 5004 20081
0b000201 0b000301 10030 100 1 370482 12504 20081
0b000501 0b000601 10031 100 1 380574 5004 20081
0b000701 0b000001 10032 100 1 375436 12504 20081
0b000201 0b000301 10031 100 1 377966 12506 20081
0b000201 0b000301 10032 100 1 377976 12506 20081
0b000001 0b000101 10033 100 1 387950 5004 20081
0b000301 0b000401 10031 100 1 382996 12506 20081
0b000401 0b000501 10030 100 1 375518 20006 20081
0b000001 0b000101 10032 100 1 375520 20006 20081
0b000601 0b000701 10032 100 1 385588 12504 20081
0b000101 0b000201 10032 100 1 380502 20006 20081
0b000401 0b000501 10032 100 1 395512 5004 20081
0b000101 0b000201 10034 100 1 395536 5004 20081
0b000301 0b000401 10032 100 1 390482 12504 20081
0b000101 0b000201 10033 100 1 392964 12506 20081
0b000501 0b000601 10032 100 1 395534 12506 20081
0b000301 0b000401 10033 100 1 390492 20006 20081
0b000701 0b000001 10033 100 1 398102 12506 20081
0b000201 0b000301 10033 100 1 400518 12504 20081
0b000501 0b000601 10033 100 1 400526 12504 20081
0b000201 0b000301 10034 100 1 400550 12506 20081
0b000201 0b000301 10035 100 1 405480 12506 20081
0b000301 0b000401 10034 100 1 413032 5004 20081
0b000601 0b000701 10033 100 1 408050 12506 20081
0b000301 0b000401 10036 100 1 417996 5004 20081
0b000401 0b000501 10033 100 1 402996 20006 20081
0b000601 0b000701 10034 100 1 413040 12506 20081
0b000301 0b000401 10035 100 1 413066 12504 20081
0b000401 0b000501 10034 100 1 410508 20006 20081
0b000401 0b000501 10035 100 1 418046 12504 20081
0b000001 0b000101 10034 100 1 410618 20006 20081
0b000701 0b000001 10034 100 1 420566 12506 20081
0b000401 0b000501 10036 100 1 423010 12504 20081
0b000501 0b000601 10034 100 1 423012 12506 20081
0b000701 0b000001 10035 100 1 425556 12504 20081
0b000401 0b000501 10037 100 1 425580 12506 20081
0b000501 0b000601 10036 100 1 430560 12506 20081
0b000001 0b000101 10035 100 1 433082 12506 20081
0b000501 0b000601 10037 100 1 435524 12504 20081
0b000501 0b000601 10035 100 1 430524 20006 20081
0b000001 0b000101 10036 100 1 438070 12506 20081
0b000101 0b000201 10035 100 1 430634 20006 20081
0b000601 0b000701 10035 100 1 435528 20006 20081
0b000601 0b000701 10038 100 1 450540 5004 20081
0b000501 0b000601 10038 100 1 438096 20006 20081
0b000601 0b000701 10036 100 1 443076 20006 20081
0b000101 0b000201 10037 100 1 450586 12504 20081
0b000601 0b000701 10039 100 1 458112 5004 20081
0b000201 0b000301 10036 100 1 450650 12504 20081
0b000101 0b000201 10036 100 1 445598 20006 20081
0b000601 0b000701 10037 100 1 448038 20006 20081
0b000701 0b000001 10036 100 1 455544 12504 20081
0b000701 0b000001 10037 100 1 455554 20006 20081
0b000201 0b000301 10037 100 1 463100 12506 20081
0b000701 0b000001 10040 100 1 468054 12506 20081
0b000701 0b000001 10038 100 1 463092 20006 20081
0b000701 0b000001 10039 100 1 463126 20006 20081
0b000301 0b000401 10037 100 1 463164 20006 20081
0b000001 0b000101 10039 100 1 480570 5004 20081
0b000201 0b000301 10038 100 1 465614 20006 20081
0b000001 0b000101 10037 100 1 468058 20006 20081
0b000001 0b000101 10038 100 1 475570 12504 20081
0b000101 0b000201 10040 100 1 488084 5004 20081
0b000301 0b000401 10038 100 1 475616 20008 20081
0b000001 0b000101 10041 100 1 483142 12504 20081
0b000401 0b000501 10038 100 1 483180 12504 20081
0b000101 0b000201 10038 100 1 485584 12506 20081
0b000101 0b000201 10039 100 1 488074 12504 20081
0b000501 0b000601 10039 100 1 495694 5004 20081
0b000201 0b000301 10040 100 1 498100 5004 20081
0b000001 0b000101 10040 100 1 483108 20006 20081
0b000201 0b000301 10039 100 1 493098 12506 20081
0b000301 0b000401 10039 100 1 485630 20006 20081
0b000201 0b000301 10041 100 1 500588 12506 20081
0b000601 0b000701 10040 100 1 500708 12504 20081
0b000301 0b000401 10040 100 1 503114 12506 20081
0b000101 0b000201 10042 100 1 503134 12504 20081
0b000401 0b000501 10039 100 1 495634 20006 20081
0b000101 0b000201 10041 100 1 495656 20006 20081
0b000301 0b000401 10041 100 1 505614 12506 20081
0b000701 0b000001 10041 100 1 513222 5004 20081
0b000401 0b000501 10041 100 1 515630 5004 20081
0b000001 0b000101 10042 100 1 518246 5004 20081
0b000401 0b000501 10040 100 1 505646 20006 20081
0b000501 0b000601 10040 100 1 515650 12506 20081
0b000201 0b000301 10042 100 1 515682 12506 20081
0b000401 0b000501 10042 100 1 518140 12506 20081
0b000301 0b000401 10042 100 1 513114 20006 20081
0b000501 0b000601 10041 100 1 520644 12504 20081
0b000501 0b000601 10043 100 1 530656 5004 20081
0b000201 0b000301 10043 100 1 515692 20006 20081
0b000401 0b000501 10043 100 1 533130 5004 20081
0b000601 0b000701 10041 100 1 528166 12504 20081
0b000301 0b000401 10043 100 1 528198 12504 20081
0b000301 0b000401 10044 100 1 535708 5004 20081
0b000101 0b000201 10043 100 1 523260 20006 20081
0b000501 0b000601 10042 100 1 525672 20006 20081
0b000601 0b000701 10043 100 1 535670 12506 20081
0b000501 0b000601 10044 100 1 538144 12506 20081
0b000601 0b000701 10042 100 1 533168 20006 20081
0b000701 0b000001 10042 100 1 540690 12504 20081
0b000401 0b000501 10044 100 1 540712 12504 20081
0b000401 0b000501 10045 100 1 540722 12506 20081
0b000601 0b000701 10045 100 1 550660 5004 20081
0b000701 0b000001 10044 100 1 553184 5004 20081
0b000601 0b000701 10044 100 1 545688 12506 20081
0b000701 0b000001 10043 100 1 548186 12506 20081
0b000201 0b000301 10044 100 1 543276 20006 20081
0b000001 0b000101 10043 100 1 553204 12504 20081
0b000501 0b000601 10045 100 1 553226 12506 20081
0b000701 0b000001 10045 100 1 555674 12504 20081
0b000001 0b000101 10044 100 1 558198 12504 20081
0b000101 0b000201 10044 100 1 565718 5004 20081
0b000501 0b000601 10046 100 1 553238 20006 20081
0b000301 0b000401 10045 100 1 563292 12504 20081
0b000701 0b000001 10046 100 1 558204 20006 20081
0b000601 0b000701 10046 100 1 565742 12506 20081
0b000001 0b000101 10045 100 1 560702 20006 20081
0b000201 0b000301 10045 100 1 570732 12504 20081
0b000101 0b000201 10046 100 1 580718 5004 20081
0b000001 0b000101 10046 100 1 568188 20006 20081
0b000401 0b000501 10046 100 1 575806 12504 20081
0b000101 0b000201 10045 100 1 570712 20006 20081
0b000001 0b000101 10047 100 1 578220 12504 20081
0b000601 0b000701 10047 100 1 573254 20006 20081
0b000301 0b000401 10046 100 1 583246 12504 20081
0b000201 0b000301 10046 100 1 585732 12506 20081
0b000701 0b000001 10047 100 1 578258 20006 20081
0b000701 0b000001 10048 100 1 593270 5004 20081
0b000101 0b000201 10047 100 1 588204 12504 20081
0b000501 0b000601 10047 100 1 588320 12506 20081
0b000101 0b000201 10048 100 1 590734 12506 20081
0b000201 0b000301 10049 100 1 603250 5004 20081
0b000401 0b000501 10047 100 1 595760 12504 20081
0b000201 0b000301 10047 100 1 590728 20006 20081
0b000001 0b000101 10049 100 1 598284 12504 20081
0b000301 0b000401 10048 100 1 608264 5004 20081
0b000601 0b000701 10048 100 1 600836 12506 20081
0b000101 0b000201 10049 100 1 610798 5004 20081
0b000301 0b000401 10047 100 1 598248 20006 20081
0b000001 0b000101 10048 100 1 598274 20006 20081
0b000401 0b000501 10048 100 1 613278 5004 20081
0b000701 0b000001 10049 100 1 613352 5004 20081
0b000201 0b000301 10048 100 1 600718 20006 20081
0b000301 0b000401 10049 100 1 610744 12506 20081
0b000501 0b000601 10048 100 1 608274 20006 20081
0b000401 0b000501 10049 100 1 618264 12506 20081
0b000101 0b000201 10050 100 1 618290 12506 20081
0b000001 0b000101 10050 100 1 618366 12506 20081
0b000301 0b000401 10050 100 1 620734 12504 20081
0b000601 0b000701 10049 100 1 628290 5004 20081
0b000401 0b000501 10050 100 1 623260 12504 20081
0b000201 0b000301 10050 100 1 615812 20006 20081
0b000401 0b000501 10051 100 1 633248 5004 20081
0b000501 0b000601 10049 100 1 618292 20006 20081
0b000701 0b000001 10050 100 1 633304 5004 20081
0b000501 0b000601 10052 100 1 638262 5004 20081
0b000501 0b000601 10050 100 1 630780 12506 20081
0b000501 0b000601 10051 100 1 635774 12504 20081
0b000201 0b000301 10051 100 1 630806 20006 20081
0b000601 0b000701 10050 100 1 638308 12504 20081
0b000001 0b000101 10051 100 1 638318 12506 20081
0b000101 0b000201 10051 100 1 630882 20006 20081
0b000601 0b000701 10052 100 1 643296 12504 20081
0b000301 0b000401 10051 100 1 635828 20006 20081
0b000701 0b000001 10052 100 1 655810 5004 20081
0b000401 0b000501 10052 100 1 655844 5004 20081
0b000601 0b000701 10051 100 1 643276 20006 20081
0b000301 0b000401 10052 100 1 650822 12506 20081
0b000101 0b000201 10052 100 1 650834 12506 20081
0b000201 0b000301 10052 100 1 650898 12504 20081
0b000601 0b000701 10053 100 1 648288 20006 20081
0b000201 0b000301 10053 100 1 663350 5004 20081
0b000701 0b000001 10051 100 1 650822 20006 20081
0b000001 0b000101 10052 100 1 660824 12506 20081
0b000701 0b000001 10053 100 1 663292 12504 20081
0b000301 0b000401 10053 100 1 663412 12506 20081
0b000101 0b000201 10053 100 1 673340 5004 20081
0b000701 0b000001 10054 100 1 668304 12504 20081
0b000501 0b000601 10053 100 1 660858 20006 20081
0b000401 0b000501 10054 100 1 675928 5004 20081
0b000401 0b000501 10053 100 1 663338 20006 20081
0b000001 0b000101 10053 100 1 670838 12506 20081
0b000201 0b000301 10054 100 1 678354 5004 20081
0b000001 0b000101 10054 100 1 675806 12506 20081
0b000501 0b000601 10055 100 1 683354 5004 20081
0b000301 0b000401 10054 100 1 668364 20006 20081
0b000601 0b000701 10055 100 1 688368 5004 20081
0b000301 0b000401 10055 100 1 683368 12506 20081
0b000701 0b000001 10055 100 1 693382 5004 20081
0b000001 0b000101 10055 100 1 680818 20006 20081
0b000601 0b000701 10054 100 1 680874 20006 20081
0b000401 0b000501 10055 100 1 688380 12504 20081
0b000501 0b000601 10054 100 1 680942 20006 20081
0b000101 0b000201 10054 100 1 683354 20006 20081
0b000101 0b000201 10055 100 1 688322 20006 20081
0b000201 0b000301 10055 100 1 703370 12506 20081
